{
    lon: 116.38829803466797,
    lat:39.92890167236328,
    zoom:9
}